56.000000 0.440000
111.000000 0.700000
158.000000 0.900000
205.000000 0.940000
244.000000 0.970000
277.000000 0.970000
308.000000 0.960000
335.000000 0.980000
362.000000 0.970000
389.000000 0.980000
413.000000 0.990000
434.000000 0.980000
450.000000 0.980000
465.000000 0.970000
480.000000 0.960000
492.000000 0.960000
502.000000 0.970000
508.000000 0.970000
514.000000 0.960000
520.000000 0.960000
526.000000 0.960000
532.000000 0.960000
538.000000 0.960000
544.000000 0.960000
550.000000 0.960000
556.000000 0.960000
562.000000 0.960000
