16.000000 0.443038
48.000000 0.590717
76.000000 0.620253
104.000000 0.620253
130.000000 0.687764
155.000000 0.691983
179.000000 0.700422
200.000000 0.704641
221.000000 0.721519
239.000000 0.729958
254.000000 0.742616
270.000000 0.767932
286.000000 0.793249
298.000000 0.805907
310.000000 0.827004
322.000000 0.831224
332.000000 0.835443
344.000000 0.843882
353.000000 0.856540
360.000000 0.881857
364.000000 0.881857
368.000000 0.881857
372.000000 0.873418
376.000000 0.877637
380.000000 0.877637
384.000000 0.877637
388.000000 0.877637
392.000000 0.877637
396.000000 0.877637
401.000000 0.886076
407.000000 0.890295
411.000000 0.890295
415.000000 0.886076
419.000000 0.886076
422.000000 0.890295
424.000000 0.890295
426.000000 0.890295
428.000000 0.890295
430.000000 0.890295
432.000000 0.890295
434.000000 0.881857
436.000000 0.881857
438.000000 0.881857
440.000000 0.886076
442.000000 0.894515
